  -0.671    0.077
  -0.005   -0.224
  -0.741    2.369
  -0.386    4.558
   0.219    4.897
  -0.984    4.996
   0.178    6.237
   0.569    6.699
  -0.522    7.564
   0.177    9.749
   0.900   -0.695
   0.970    0.666
  -0.088    2.731
   0.905    2.946
  -0.728    3.932
   1.800    4.619
   0.146    5.530
   1.828    8.376
   1.373    7.698
   0.856    9.456
   1.177    0.172
   1.919    0.708
   1.987    3.262
   1.067    5.396
   1.219    3.862
   3.211    4.984
   2.647    6.044
   1.963    7.518
   0.719    8.219
   2.495    8.873
   3.830   -0.109
   0.989    1.831
   2.307    1.984
   2.555    2.668
   2.600    4.266
   3.022    3.744
   3.422    5.522
   3.899    5.842
   3.540    7.661
   3.398    9.608
   5.322   -0.823
   3.835    0.645
   3.363    1.516
   3.316    2.889
   3.957    4.091
   5.035    5.055
   5.003    5.841
   4.594    7.800
   6.725    6.735
   2.763    7.543
   4.620    0.069
   4.457    2.284
   5.296    2.541
   4.412    3.719
   5.042    3.912
   5.603    3.314
   4.450    5.581
   4.238    6.979
   4.058    8.489
   4.795    8.568
   6.059    1.280
   4.962    1.915
   5.710    2.252
   6.390    3.788
   6.250    3.268
   6.305    5.294
   4.052    6.374
   5.881    7.894
   6.480    7.741
   6.302    9.417
   6.862    0.122
   6.742    1.543
   6.753    2.646
   6.828    4.383
   7.214    3.727
   5.211    4.458
   8.208    6.700
   6.554    5.846
   7.604    6.820
   5.933    8.478
   7.471    0.272
   8.177    1.142
   7.519    1.624
   7.815    3.375
   8.459    4.970
   7.844    5.933
   7.170    5.436
   7.290    8.167
   8.854    7.438
   6.352    8.894
   9.452   -0.115
   8.860    0.235
   8.916    2.502
   8.527    3.249
   8.975    4.543
   8.321    4.306
   9.101    5.507
   9.947    6.698
   9.527    8.277
   7.511    9.661
